bio-celegans.txt 20137.4 20168 20102
bio-diseasome.txt 22205.0 22205 22205
bio-dmela.txt 232216.2 232458 232034
bio-yeast.txt 36168.0 36168 36168
ca-AstroPh.txt 1046140.3 1047332 1045182
ca-CondMat.txt 1099315.2 1100919 1098146
ca-CSphd.txt 48899.0 48899 48899
ca-Erdos992.txt 40710.0 40710 40710
ca-GrQc.txt 192237.4 192367 192136
ca-HepPh.txt 586619.4 587102 586292
ca-netscience.txt 19292.0 19292 19292
ia-email-EU.txt 78310.0 78310 78310
ia-email-univ.txt 52406.7 52486 52378
ia-enron-large.txt 1214321.2 1214962 1213826
ia-enron-only.txt 5988.0 5988 5988
ia-fb-messages.txt 51494.1 51631 51450
ia-infect-dublin.txt 25869.3 25945 25827
ia-infect-hyper.txt 4942.0 4942 4942
ia-reality.txt 3601.0 3601 3601
inf-power.txt 199570.8 199752 199402
rec-amazon.txt 4237199.6 4249016 4220746
rt-retweet.txt 1339.0 1339 1339
rt-twitter-copen.txt 19353.0 19353 19353
soc-brightkite.txt 1886340.1 1887182 1884597
soc-dolphins.txt 969.0 969 969
soc-epinions.txt 855746.4 856590 855085
